# Constructed from biom file
#OTU ID	S2406	S2408	S2419	S2421
885cc67bf94934110c658a2ed7f74a33	434.0	975.0	2308.0	23.0
eb994716c8cf3cd84a3e58c8ea14bd29	485.0	645.0	620.0	375.0
0b119509867c51232b9b9bd27b3cbf7f	150.0	638.0	597.0	358.0
5d1fb36c556e393173a385ff2cc00ee8	274.0	213.0	208.0	263.0
59c4e45c0a287b3ceff9b88a6a455b6c	15.0	0.0	20.0	765.0
a1989679e207c0f3b365cee58b422c61	192.0	111.0	170.0	221.0
25bc81a4379724a5dcf203ee1cfdc25f	111.0	105.0	248.0	166.0
d64a8f6358ed26eceda217b5cc94c4b1	223.0	246.0	0.0	95.0
929a4fcddbd84eecda330ed3a206ef9f	151.0	132.0	107.0	126.0
f6dc41c27a3dfa310645457ad6693249	65.0	87.0	219.0	129.0
23af8900aef221ee8b287bbf028b0e3c	80.0	122.0	180.0	89.0
326cf70ef2f16c01d6724648de4d2438	87.0	88.0	91.0	192.0
d819c2b8f73ec89457de3c4e8e141094	42.0	179.0	59.0	105.0
499d1d4fef7815712578b7ef5c128aef	50.0	231.0	34.0	33.0
158ec98d7b85cd0e319655dcf1ecdf64	35.0	24.0	19.0	265.0
cfec80b9e9647c078e9059c58e4dc58f	147.0	67.0	55.0	71.0
aa44ed70c7280bd300136f6aab3b9fd7	55.0	72.0	154.0	54.0
0262b66cf0d92aeb599c96c0898c12ca	66.0	43.0	151.0	69.0
60e8bae6579f4fae6d0161d4124dae2a	66.0	88.0	99.0	75.0
267b7c38df95f616c1d0c34776a172db	89.0	77.0	72.0	77.0
cfb40d7f4a582693e421b930adf2a836	16.0	26.0	228.0	29.0
38a7f6bf94bd43dfa61610c95c4b1cb9	28.0	139.0	68.0	52.0
c5b1d223dcbfa7e8e67928a8550d2ae8	128.0	59.0	21.0	78.0
ed41e60bdf7863e6e87b30c7278f3c52	50.0	80.0	67.0	75.0
bc7796908c1aa2a6467f708a6455c964	68.0	93.0	37.0	64.0
12e29d32b786b56373ad8344fcdec905	94.0	45.0	38.0	80.0
9f62276dfd12c9cb32ba53907355615c	92.0	62.0	25.0	77.0
1f4064e5112f6c112d7bad0f89d07c45	79.0	88.0	69.0	0.0
3b4d975d9f51e69f73d052a3ea361519	47.0	72.0	78.0	35.0
f0247f159a6fdc17e412ba8352573c13	115.0	38.0	30.0	40.0
6be02a3558fc54ab0ea9bb1a31cf7f62	0.0	53.0	64.0	95.0
ca773786ca0079113cc82a0e091e93c1	114.0	46.0	16.0	33.0
d611177151f08df922661c40267b09cc	17.0	65.0	82.0	43.0
d7401fcca2f9e38e936e6a0fc56b0f0b	61.0	67.0	28.0	49.0
0c7a17aec7a45ade60ecb155a51e146a	31.0	76.0	48.0	47.0
76ad7f3d76f947e203a46f63a1bc2977	94.0	31.0	44.0	32.0
5f30735b78bb10c69e24aea6a7e161e3	66.0	32.0	45.0	58.0
2f5a7a72046f2f7d1bbc8dcbd1dea749	57.0	23.0	83.0	30.0
fa906e98b0664eb68d5efc763fc629ef	189.0	0.0	0.0	0.0
d8b2c63364c3db501192e2cb93140d39	78.0	39.0	37.0	29.0
780c1ea30daeee0899563384b924cfd4	97.0	49.0	11.0	21.0
06eeb36c6e376bd32dc44a6a69169cce	64.0	61.0	0.0	45.0
7ff346973a282aa55de296afdb5d74af	35.0	46.0	40.0	49.0
17d0d3da0d2f0f312e6a8dd85aa64919	47.0	26.0	51.0	38.0
245511666bd10ac40ce8d875d10365cd	40.0	38.0	28.0	55.0
4bce94e6a8bec966689ad1c3a7002cd4	37.0	36.0	38.0	49.0
334b65ac7ccdcd0b8dab50433242314c	31.0	38.0	39.0	52.0
88d73d4201c2041d2bf80efe1250cda5	23.0	37.0	58.0	42.0
27771f9f5d4a9d17e89a2334771332dc	158.0	0.0	0.0	0.0
501ede943467ca99e9a73cfd6fc3d42b	37.0	28.0	22.0	68.0
c3ebcc156425992054715ff2858a6329	24.0	35.0	34.0	60.0
ed2f8dc14f6e1f328521391f464932b0	32.0	37.0	45.0	36.0
f0fec1740b4a5a2b61147ce33fd3040f	9.0	84.0	5.0	51.0
b0003e209204b76bbfcb7f7f82f3986a	55.0	27.0	52.0	14.0
16205944f57bcce6ad08ae9975002947	73.0	24.0	30.0	20.0
769469d3afeada5190f45352f848faf0	26.0	31.0	44.0	43.0
e49962cbc032c379d2eb3e911edb26ae	63.0	18.0	19.0	33.0
07f57ca473cfa117664c7095a6ed8cfc	0.0	132.0	0.0	0.0
c02e8c8626324653efee7d2ece1353bf	82.0	20.0	0.0	27.0
439e8e2064ad95440936fd5191dfbf2e	67.0	0.0	59.0	0.0
6a82ab292f9c57c95da8cf95518b0ea2	40.0	30.0	0.0	55.0
7ab5c4fea295ced0fa799ff2488686c7	0.0	0.0	124.0	0.0
3b303ed35fc9c6fd833e07a28caa3fa4	76.0	20.0	8.0	19.0
56f6b4cc398343543a022cde96c8fb11	57.0	37.0	0.0	27.0
75361e988b178564ca3e9c8e584585a9	6.0	84.0	6.0	25.0
10afad23636c281e8f7e70146f4904d8	89.0	0.0	0.0	31.0
78fd3461717ab3c046c1f183f255233f	56.0	18.0	24.0	21.0
e53ec2dea630efbe6e2b4d334f473f62	25.0	25.0	28.0	41.0
e30d04d4a31eb2f91ae265d216dd8d46	31.0	28.0	23.0	33.0
6e93a25b223a70a90d2c845baa9d0c6c	26.0	17.0	55.0	17.0
8511a8c01250ef24408a3f4031bb51f3	43.0	23.0	16.0	28.0
9da841d923ffe95348d987dbe5355685	35.0	24.0	24.0	26.0
0722a454a2994e703d9c3406f2a5653e	25.0	24.0	29.0	31.0
00bfc2b0c0f18f0738e4cf008d74b25d	58.0	0.0	18.0	32.0
9743325d888e96123b559b47da4541b4	18.0	26.0	13.0	51.0
b495879d94ef81c4bb155f028ac8c874	19.0	27.0	38.0	23.0
9a6d9799959c725d2c753fb7d9ef9be9	25.0	27.0	36.0	17.0
6c55dcf41b974ad1496476ac606c24a8	25.0	33.0	24.0	23.0
2058614caa3cf297e94610346beb9d20	39.0	0.0	33.0	32.0
28564769fe438b0246aa472e358cd5c3	34.0	20.0	18.0	32.0
9b89ae11d76a4cbad6048cd52c8795fd	65.0	0.0	0.0	38.0
e0f04429735c7cf92b869f2b614b44ac	20.0	26.0	23.0	34.0
9ba7cedaa2e210fee1c4c9bba7d1cf8a	43.0	20.0	15.0	24.0
4f8da485822bfe7fa8e0668df6cd5ffd	43.0	26.0	0.0	33.0
38eebee982f0c0e4f7d7c912a7625b3c	12.0	19.0	41.0	28.0
11d2b0e02495749bb5a7581b996f7eec	18.0	28.0	10.0	37.0
2a7d8280d787b9134370091b6ae16ff4	0.0	28.0	30.0	35.0
ef2190e640216b8488f5113428ab8000	0.0	48.0	0.0	44.0
4fcdea7e1630e2288c4e82c8c2906e59	64.0	0.0	0.0	27.0
ef012bcf341a315932ee623381b93d7e	22.0	27.0	19.0	23.0
10cd179b162bce97911373195a53c503	58.0	0.0	0.0	32.0
cbe01058b367154bc3b0a947b1af6473	0.0	90.0	0.0	0.0
5e65279ad75c79b31bd08124befd8e12	24.0	22.0	21.0	22.0
e615d92532e31cb28b9c719d79ecfcac	0.0	34.0	23.0	30.0
b17499a513e0ba3b59ecf4450b6d4309	52.0	18.0	8.0	8.0
bf1565d610f9a53aee2bd6eec9a77407	20.0	24.0	11.0	31.0
32b9408bbc7de60c49e56afe8b9ebfd1	15.0	25.0	16.0	29.0
e33d88c65215b830e19c7b90a8c3bc82	5.0	32.0	39.0	9.0
37c3679293c46decc9a33a6554213428	21.0	19.0	18.0	26.0
933501d3fe3b9ca7dd89ee74f761b5ed	36.0	46.0	0.0	0.0
1d1e60ffed0f147b1d6f9a46204beb7e	25.0	19.0	21.0	17.0
bfafd56f9c2a57b22609dd0eabe258be	22.0	19.0	18.0	20.0
ea71206b2a569022e2e83fd0598158f0	0.0	0.0	78.0	0.0
5648dccee530d68ceb3e4d7d22cf8756	77.0	0.0	0.0	0.0
e905ab6db6d1e8623c8cab16ae39140d	23.0	19.0	23.0	12.0
d323a289535bfe0b325c892076518237	18.0	28.0	11.0	19.0
4c711dabe834aeea42d3b4e4aac7f6c7	13.0	39.0	0.0	22.0
0a420944f008698427b233d3ce383d7d	15.0	19.0	0.0	36.0
0eeb064e5a151660e9d9357630f1313a	13.0	23.0	17.0	17.0
3bd829b0c3a7d6eb1d8e2858add96198	33.0	0.0	36.0	0.0
12a18af1e6cf3893b9c2ed124d9539b7	10.0	15.0	19.0	25.0
77d40116daf890397f3564502e2e0be0	17.0	13.0	23.0	15.0
d9ea4882da1f3c8d3f9e7bfbed142aa1	0.0	0.0	39.0	28.0
83da29b695300a633dd24c68b3c8e373	0.0	34.0	14.0	17.0
d269a2c628cd471e2e9b3c4f499435a3	18.0	14.0	11.0	21.0
300400cf234ff48c401161afaf81acd8	34.0	28.0	0.0	0.0
3667ec5bd3c6b861b9cba96464677a41	23.0	14.0	0.0	25.0
e081cac98572e7e30b598e315e222153	18.0	14.0	5.0	24.0
ed0e5556c6d7e9472e5020941f12ba06	0.0	0.0	24.0	37.0
279b646c51f6601e408c03b2e5d77617	16.0	9.0	11.0	22.0
f99ccaaf35afbf4166f84ccb6c357d31	19.0	0.0	0.0	38.0
d79df85d2159ead9f9382a88c452ca06	17.0	0.0	17.0	23.0
5c9f7e37a09cce779070ad269b7df496	12.0	10.0	9.0	25.0
317865ea6c50e83c72a4d779d02d8b58	0.0	13.0	17.0	25.0
77edfe47600417a563ca9bef68917fa9	54.0	0.0	0.0	0.0
de6776ff5bc07ec78768337a7454008f	24.0	0.0	16.0	14.0
e595708f23d42d847600015f23c0faaf	30.0	12.0	0.0	11.0
ee7a66fa18009467bcbfc6be04a10ca3	10.0	18.0	16.0	9.0
2a35c512cab46a94c90dafc9248a121f	9.0	16.0	0.0	28.0
32694e17896d4fc2fe49a409b3fec7cb	52.0	0.0	0.0	0.0
4f323db9b7e35289b6d9f0bc10795e74	11.0	14.0	9.0	18.0
b8c4ed03d7d91546b9f6ad80b80135a3	10.0	14.0	13.0	15.0
4c687e9abe11199b993e2ab668384d5c	10.0	13.0	11.0	18.0
88201b0785111433f3cebc8e171e11f4	0.0	14.0	0.0	38.0
0ce51d2de5507edbeef6b4dd114e9447	12.0	15.0	0.0	24.0
2cd79e3d385b69f0320c69af53883c9b	10.0	31.0	0.0	10.0
635ad2b9ccd4fb9d905b58de1bba64d3	0.0	18.0	0.0	33.0
a7224b3089f362b0b226ebf99f7b3fe3	50.0	0.0	0.0	0.0
3a0b2f8a1987a1cbf794dba729426a51	41.0	0.0	9.0	0.0
e83f91a8f6a4ca8482b23084c4cbf513	11.0	39.0	0.0	0.0
720d4078e826dfc712765a2d765cb740	31.0	0.0	18.0	0.0
bb7b6d76f2e9497a2fc5b542a168c9b4	23.0	0.0	12.0	14.0
d99a0b2472cd7caecdd8d63ac9cb3fdf	14.0	19.0	0.0	16.0
53a523f9d28d11caf83f2920aeade755	13.0	12.0	11.0	11.0
0c8d7a81f733f47e124bc8797e5d3554	12.0	15.0	0.0	20.0
a1c4acc3169c2a95cf474a3645129d84	8.0	0.0	12.0	27.0
4162f5ce153426c9b818a282aab2a162	14.0	9.0	6.0	17.0
337204fe06dbfeef4a0a9bc3217e85fc	35.0	10.0	0.0	0.0
1212bbb3bcd65d0dd186dd8f35a56827	13.0	12.0	5.0	15.0
dc6a9b40d143c9742addd6a0000e3745	5.0	6.0	33.0	0.0
e16d86b7fe770de88e7e8fd0fb6c8b5a	0.0	20.0	0.0	24.0
4b95d649f2f281c6e49ed7dfd58385fe	42.0	0.0	0.0	0.0
4804669ff00c7ec682696fdd03d60923	14.0	9.0	5.0	14.0
c3297668cf75ea8e774d6d9c0044cce4	30.0	0.0	11.0	0.0
132ffe9a542685a423a59236950b46b0	12.0	0.0	11.0	18.0
6634d300e4952dd095ced5c3b8a310c6	12.0	13.0	8.0	8.0
c84385f35ae776ba62008b35c1864bf1	28.0	0.0	11.0	0.0
d509da03e98d55c0452ea4e5e6a44081	12.0	0.0	14.0	13.0
02e10fbb06250a6cec1cc7d696cef6f4	0.0	0.0	22.0	17.0
2d6e7a4fad252e4911e5bb10f02c94b7	0.0	10.0	17.0	11.0
aa1344ee7f73eea98bafee4c93f32c84	0.0	10.0	18.0	10.0
396c2d79acbe8883549b9049dddce9fb	0.0	0.0	38.0	0.0
1f12e85f00d24c2a327f7ca545082118	9.0	10.0	10.0	8.0
0f1b1b6a7585f4586a09eff410aa7ad1	0.0	14.0	0.0	22.0
475466b882ed396887ccb3af92e5cccc	9.0	7.0	19.0	0.0
8562afaf3955423d4eda6d71b8b277d8	0.0	0.0	11.0	24.0
7d76c5a8f653ab2d7a14a28f3806b5bf	34.0	0.0	0.0	0.0
4cf346f17649d1855daa0225bf185454	13.0	11.0	0.0	10.0
e79408e5459ed023ffd08cb993aa8954	0.0	27.0	0.0	7.0
394157a95af250dff691f8a21a3a06ea	15.0	18.0	0.0	0.0
48614761ce9f74eaae5dc1d3a26cd6ae	0.0	33.0	0.0	0.0
8599524cec26e00cc7df72e7ecc01220	0.0	0.0	0.0	33.0
2599030bfe9f49df58ddb9b37bbbe549	23.0	0.0	0.0	9.0
e8bd5a5228cd426c496dcd50f6dad542	0.0	14.0	8.0	10.0
7d84bf43bb7d4d30f0820b57dcf7baa8	11.0	0.0	20.0	0.0
e34d5bca2c7669fab8b0e5d8321714f0	10.0	8.0	0.0	13.0
c4a485f6d9ed3aa93e2590b2e7abbdbe	9.0	0.0	12.0	10.0
9f6496504e6c9c4b0547e33f8588c57b	0.0	14.0	0.0	17.0
43df5336649f0b3362be36b49c6490d5	7.0	10.0	4.0	9.0
c1abe6a2dc8962f8a3ea9f88fc1b56c1	12.0	9.0	0.0	8.0
7b7c6c4ece61524547ee7dbc94130103	6.0	11.0	4.0	8.0
fbca635799dc1ba7f986123a737ee165	4.0	17.0	0.0	8.0
5cf37e80516a615f77bd5e97f18ae417	0.0	29.0	0.0	0.0
2e4a2e5ad75f2d321aadefddacb2fca7	0.0	16.0	0.0	13.0
19a3abdd47715eaac4ecb312fe95d902	0.0	0.0	0.0	29.0
d5a848d2751f4e1a26ceaf96efe826af	20.0	8.0	0.0	0.0
b2f15a6e178a8f0524c007e8cab648db	0.0	0.0	0.0	28.0
524f945306ac2c325b6027df82cc10c2	11.0	0.0	6.0	10.0
146011b4b3b1ac5bd7d8224c5d93209d	11.0	0.0	0.0	16.0
49b77daed66d75fc3b7776abc8755ea7	0.0	27.0	0.0	0.0
64b62e538ce98218630dec9f7de3e872	0.0	15.0	12.0	0.0
05810500448cc3ad7c9d8b11a497f1ca	0.0	26.0	0.0	0.0
687d35fcceb1b41532cb5a1b39978810	0.0	17.0	8.0	0.0
a00207dac8cecfb280ee732df82bf536	0.0	9.0	7.0	9.0
ad16b779f2ec6d8afc200de7c5d2f39a	0.0	7.0	9.0	9.0
dd8229814f2d127e61ac92c5d275db8b	0.0	0.0	25.0	0.0
55171d6a7d2a6277fcaf13baf685e8fd	0.0	0.0	0.0	25.0
73ff0a30a35907b93f8e4e13e4874bf0	14.0	0.0	10.0	0.0
1b15d38924f1a8a2c5aa72dd12e60048	12.0	11.0	0.0	0.0
5e9e025429b4479ba1c2396a26db5ad3	11.0	7.0	0.0	5.0
54b5f4d902f9a7d8da0ea72644bc1254	0.0	7.0	0.0	16.0
58ab246856409f09c184c67a01d2fc33	0.0	0.0	9.0	14.0
f36c50279a8fa1c121cb9dda1ab1cb42	0.0	0.0	0.0	23.0
ca176c28265382e88b4f3892cff9de67	6.0	6.0	4.0	6.0
d0dad971506647d25b7ec3c857964526	0.0	0.0	0.0	22.0
89e8f050be302b3f857d15b2e106e602	21.0	0.0	0.0	0.0
4608fae4bbc9964cdd17af8782f2155e	11.0	0.0	0.0	10.0
02f65f119c17f04316b1f1f86886ad42	4.0	12.0	5.0	0.0
6ee6268f2a1243cf553227bc87aa213a	0.0	11.0	10.0	0.0
fc53f4c6401c6a2fb8190bdb3bb60648	0.0	10.0	0.0	11.0
4dd00cc22ca2f0edc77bc6505e5dd816	0.0	9.0	3.0	9.0
50264f300bdd8f26f9b11d457847a2d1	0.0	0.0	0.0	21.0
c1121da58781fa3b0503ec96b242c431	0.0	0.0	0.0	21.0
c43ccad8f58430e360c76332e20e3172	0.0	0.0	0.0	21.0
12685c5c242962f0158f7f5098b40221	3.0	12.0	5.0	0.0
649f026cd615015b1c0f8e760d309122	19.0	0.0	0.0	0.0
f882939b57994c5a6436ea0d6ad767e7	7.0	8.0	4.0	0.0
9e806754463f9132a5c594ecdb2f3e6e	0.0	19.0	0.0	0.0
3e66e93dcc887df068188b2b44894c4f	0.0	12.0	7.0	0.0
b8a9921fcfd131bcea427ed77f6d47da	0.0	0.0	11.0	8.0
ea5e2b178bb09c7892aa3277bcdaeb3c	0.0	0.0	0.0	19.0
806da84a4d3359c4137830fbb8a2cf63	0.0	0.0	0.0	19.0
fb730ed262e51787cf3815bd7a35c783	0.0	0.0	0.0	19.0
d695f752e0a9597ce056c80ce3347e01	18.0	0.0	0.0	0.0
feca81a7fe343c148a92304ce19b0084	6.0	0.0	0.0	12.0
14fce2a56aa0fc89d3e4cfb8960e19bc	0.0	18.0	0.0	0.0
50fb93dad525b440dc193bc631872eba	0.0	0.0	18.0	0.0
ef0c7928901deab56b8d8abef337ac5c	0.0	0.0	18.0	0.0
66dfa36b8714695831ec4e25503bf0f0	0.0	0.0	18.0	0.0
afbfae0082901d134aa8935f1525b028	0.0	0.0	0.0	18.0
1c89aa5de521d81b515516e2aad776b5	0.0	0.0	0.0	18.0
b0c140b2ef121daf508fa768cc7dfa8a	0.0	0.0	0.0	18.0
16b5e084ce3fa000b8baf838d1651cac	0.0	0.0	0.0	18.0
f8649e7df764634b727bbb7fe549f2f8	17.0	0.0	0.0	0.0
93a30f172fc69a8c69b33be4965c8ffe	17.0	0.0	0.0	0.0
8a983ba4b750ae67eb9688f582d58d1e	6.0	0.0	7.0	4.0
bf579d95185aa2fd11fe8bab16f121dc	6.0	0.0	0.0	11.0
ad4cba5280fb47cbebea01e7031af61c	0.0	17.0	0.0	0.0
0ab31f7e797f551227445f0fd40c40d2	0.0	17.0	0.0	0.0
f9c97adffa7ac976f53976a689e9885c	0.0	14.0	3.0	0.0
c85d1b78dc8077b2d72f6ffe73fd4783	0.0	5.0	12.0	0.0
c39e15de7f8295ecfed0969cd53b2126	0.0	0.0	0.0	17.0
62b0bf21cce919c492e653ba630b9ea5	16.0	0.0	0.0	0.0
0e7f46872a517225849a2a910cef5633	10.0	6.0	0.0	0.0
708b5ba525a9eff28d8a1318d7a7c2be	8.0	0.0	8.0	0.0
acccb7cec4d146864bc11d37da55dcd0	0.0	16.0	0.0	0.0
1d495e722a3635a10b655a44f9946769	0.0	6.0	2.0	8.0
1284ae8585ceb81def7a4e68fbbf474f	0.0	5.0	4.0	7.0
1a56ad3ec2b87cfbeaba8976be08b4b9	0.0	0.0	16.0	0.0
cc761daf51f27c423da57f3f1f0ff5cc	0.0	0.0	0.0	16.0
066884a56c0d85658e85fec48fa61ff0	4.0	6.0	0.0	5.0
a55775644720c5a788088df98affe216	0.0	0.0	15.0	0.0
a652f496fb4f9105e6797d717c3926ef	0.0	0.0	15.0	0.0
ac68c7c702432c26bc13677cb4c1ea8f	0.0	0.0	0.0	15.0
4eb60f2c4b4c6435cc58e6b9873b6fad	0.0	0.0	0.0	15.0
b8f64099026ffffde7cd2c6aa4642240	0.0	0.0	0.0	15.0
7ebbb1e6f79a2910951c191a4bf1df66	14.0	0.0	0.0	0.0
ef16095df7059908c0fddbfc1516d001	9.0	0.0	5.0	0.0
f4c55ea3d30a5381aa3ac89d6121b33a	7.0	0.0	0.0	7.0
565d333a7d19b661910f936a673bb08c	4.0	5.0	5.0	0.0
6c2a581326077ce9b49411ef1d763cee	3.0	5.0	6.0	0.0
c1dfa382eef43fd5f92771aa57552dc7	0.0	14.0	0.0	0.0
95106f2ad602745a27f3e20249d724d0	0.0	9.0	0.0	5.0
dc9f077229b54b9c6d8fad0d5027b5b2	0.0	0.0	14.0	0.0
62a8e1b3e5bc78c9552474f65dc12285	0.0	0.0	0.0	14.0
1b94537f64287d18fb2164348c4039a5	0.0	0.0	0.0	14.0
6e4b50a611f333bfb12f3b9a4a9e8b61	0.0	0.0	0.0	14.0
3094291929e964da48e252380c1edc6a	0.0	0.0	0.0	14.0
6b1a55fe3ba91b2d995aa58d553df11f	0.0	0.0	0.0	14.0
0ea735d6bc2211809e0cd313220b7a80	5.0	5.0	3.0	0.0
038cd699389e8b93b37532dfa181f762	4.0	5.0	4.0	0.0
33a198a979ec6f8252b36eb5ae643d5e	0.0	13.0	0.0	0.0
3c70a6836188aa560a2d934414dbde9c	0.0	13.0	0.0	0.0
94364452b4f4c84290ae9f09fafd4fb9	0.0	6.0	0.0	7.0
754c7c6f3b6988d240275e2f44436292	0.0	0.0	0.0	13.0
c8f5b3a0af7ae18f0899963334cdf226	0.0	0.0	0.0	13.0
04c113f9026c6fec18e0454e1b3f4fb7	12.0	0.0	0.0	0.0
6aa2b8dae34c215ace8baa51ea39b601	12.0	0.0	0.0	0.0
d87fb67b7efe9c6f71ae2ac05e4220d4	12.0	0.0	0.0	0.0
54989b87d6b2fc103b0033db46769e62	6.0	0.0	6.0	0.0
012fbcbaf8ca7dd1a17bf6b2a4c2689a	5.0	7.0	0.0	0.0
a528992016a29f9aaa9001a30730e1b6	0.0	12.0	0.0	0.0
7270c60732cdcb6ab17fa2aa44d843b0	0.0	12.0	0.0	0.0
d11aa0bb164697604e1c10818fac1fc6	0.0	12.0	0.0	0.0
9af3467db68cf6063627304cecd46a65	0.0	0.0	12.0	0.0
2d3462ea0a9607296e6625812612002a	0.0	0.0	12.0	0.0
43622a1936d5cb06f50b230db4d4410b	0.0	0.0	5.0	7.0
90acf5342e2863b3354fa19fa2440630	0.0	0.0	0.0	12.0
1c87e1c32ca897cf41cb7dab51b7b569	0.0	0.0	0.0	12.0
f2fd9d7b74d80ad0cc6f3439e6325d27	0.0	0.0	0.0	12.0
9f04d4582c00cc1372a4a536aaa64d65	0.0	0.0	0.0	12.0
2207b2c984b2678293a0140e6b4a96ad	0.0	0.0	0.0	12.0
f73cbeb3fa10ce453f53ed7bb531970f	11.0	0.0	0.0	0.0
47f2617de53ce85d035fd4d1cc587272	11.0	0.0	0.0	0.0
050b4bac69897377b343771b41c8d813	5.0	0.0	6.0	0.0
07c9e40a1045b5b17946d7f17341f30e	4.0	7.0	0.0	0.0
a5938937fa9dae85ea6c9a494cd71781	0.0	11.0	0.0	0.0
ffd87a7ece0355563a2ce5b4f21a645a	0.0	11.0	0.0	0.0
f47beff0fc3748fcf424bf33bc490cf2	0.0	0.0	11.0	0.0
4b35f61d34c5382a0eb31e09963c019f	0.0	0.0	0.0	11.0
aeb6bbaaf2a9a122dffd8bb22e4a0362	0.0	0.0	0.0	11.0
833d619b70b86d87f185a0c98ac2fe57	0.0	0.0	0.0	11.0
c1d41226b6c69d71adf215c9683aa2a2	10.0	0.0	0.0	0.0
3725e63715d30df08b67d09db5ca80c4	4.0	6.0	0.0	0.0
b5403e3d3e7f5a219e1fbe3cceee2261	0.0	10.0	0.0	0.0
6376ea6dab7d0fde3cd66f53b57e1484	0.0	10.0	0.0	0.0
c863435a912d53648c0640f9ae8f523c	0.0	0.0	4.0	6.0
f56a13506abd1492f19b0a402f910fef	0.0	0.0	0.0	10.0
e8df8d6e48c5ab71ce0c7d7602f93acb	0.0	0.0	0.0	10.0
8c83fe5d444479bd20ab5ab54d7c689e	0.0	0.0	0.0	10.0
c65c243a4d5acdad3b66e358db7b25e7	9.0	0.0	0.0	0.0
b49d57f00eef48bf2f5bcc55bf117794	9.0	0.0	0.0	0.0
225dd5e5a5487874024cbea6c091dcde	9.0	0.0	0.0	0.0
6c3fb343f46983254cdb83e99fa07a49	9.0	0.0	0.0	0.0
30c501aec1d53bb221012c295551045a	9.0	0.0	0.0	0.0
ddfd49f939f92958b1ec816741055348	9.0	0.0	0.0	0.0
db4edacaeaee06a92bf5b2c055519415	9.0	0.0	0.0	0.0
ede15fb563222a59b54464ff3857badb	9.0	0.0	0.0	0.0
032b20de9b7225cc53631e7f55fdf158	9.0	0.0	0.0	0.0
588d44e872e3347bc80a3e69abb9052e	4.0	3.0	0.0	2.0
1270da80cc0e29e38d735c7f38a145a3	3.0	0.0	6.0	0.0
dc3b20acc4ee91e4e37909faa931a478	0.0	9.0	0.0	0.0
d5a417935742f781059e1704f7f20b70	0.0	9.0	0.0	0.0
118e59a9dce4c2d6d7d3d6bc2ef67533	0.0	9.0	0.0	0.0
faf1029d37956293b35d5c395a5297c1	0.0	3.0	0.0	6.0
2653f9a6e90d957c951070035e6edeea	0.0	0.0	9.0	0.0
d829bee4984f82ffc2453212157caf96	0.0	0.0	0.0	9.0
a0398bf51b38e9ad4dbf5249e001f04a	0.0	0.0	0.0	9.0
2d16d001e21717f960cf771ae879b1dd	0.0	0.0	0.0	9.0
f98debb75a37c5b06ba598a461fbd1bf	0.0	0.0	0.0	9.0
81366728ae379b4b35c4874f5bed47db	0.0	0.0	0.0	9.0
443a1b6e9bb8b8434623dbabf8c5a719	0.0	0.0	0.0	9.0
a0b84d1e743c5c63fa472ebb0e5f920e	0.0	0.0	0.0	9.0
578b76ca946d93c821b9ba6e0098a168	8.0	0.0	0.0	0.0
a34c67c3e970be24a82f8b4c537c08ed	0.0	8.0	0.0	0.0
cc82adf4f53373a21e357770409484f8	0.0	0.0	8.0	0.0
d23da00a4280f20607db0b526f2b77b4	0.0	0.0	0.0	8.0
352246a6b944693ad640a1be7ead4af7	0.0	0.0	0.0	8.0
c898f228c43438c21516365c3ccb6376	0.0	0.0	0.0	8.0
05f327ab211d82a4996a29667b746a73	7.0	0.0	0.0	0.0
79b3b6c751c001ddeb49b14eb3cba615	7.0	0.0	0.0	0.0
8d2ae46c1067103558ab0435c8d38eae	5.0	2.0	0.0	0.0
81948a2f9ae167d8875fe3235e281b5c	3.0	4.0	0.0	0.0
ba774432cea724a9df46d7aad4fbc4bd	0.0	7.0	0.0	0.0
5c85881f3c22061d325317a85fb5f326	0.0	3.0	0.0	4.0
3a2ee79463550d3ca46aee721deea8d5	0.0	0.0	7.0	0.0
23e7bb98a13540861c409331c4052a67	0.0	0.0	0.0	7.0
be13978f8c493d96b1100e4d896a847b	0.0	0.0	0.0	7.0
5d79337f7ac6e99f94d1504745040990	6.0	0.0	0.0	0.0
68d5901376043b0cf4f847284b53b740	6.0	0.0	0.0	0.0
3dc5f9d1b6c7f68aa43b42f78ac60999	6.0	0.0	0.0	0.0
cb5b9907447a49154182dee3ea78d16e	6.0	0.0	0.0	0.0
05c3933fb9df6266d8c00a16d5d45daa	0.0	6.0	0.0	0.0
81bc68b1f5ea92f5440ffab967438731	0.0	6.0	0.0	0.0
0b8058d5cd302b3caa627d7023cc62f4	0.0	0.0	6.0	0.0
ea8a5786215c8b19a0fd5b49825d554e	0.0	0.0	6.0	0.0
95eb35447772fc49232640095249518a	0.0	0.0	0.0	6.0
e7cd8062cfe28b5e146051c184716244	0.0	0.0	0.0	6.0
63a5fde9a24881f45dab5d0513e88d65	0.0	0.0	0.0	6.0
560859414b86c10a44c3ec7dc1b85c8e	0.0	0.0	0.0	6.0
887070b273e401be76c2a78bdc542aa0	0.0	0.0	0.0	6.0
bb044afc7e278288d3bc7202d97a8070	0.0	0.0	0.0	6.0
6e4e87ec10a100d06216368899eacc04	5.0	0.0	0.0	0.0
b99659495034c39b4c3827449389b497	5.0	0.0	0.0	0.0
ee3072cc17a5e70cb4e49387257957ec	5.0	0.0	0.0	0.0
dd4a00ba5fdc170d3da22bf724a020d8	2.0	0.0	0.0	3.0
2efb79fd6573738137582fc277e6e219	0.0	5.0	0.0	0.0
4312b429c28933c568488f8f2ccf60be	0.0	5.0	0.0	0.0
4b6332535763acc2b26ff232cbb1715a	0.0	5.0	0.0	0.0
ed94376cd70972b342e7d37b6eea9710	0.0	0.0	5.0	0.0
2764b7954f181d7f689cf09ce96cfb9e	0.0	0.0	0.0	5.0
f57522c517666e05ddddd52acda3c0bb	0.0	0.0	0.0	5.0
5aa5614c3b98c2b8abeda2760ee15d2f	0.0	0.0	0.0	5.0
9dacb9696de849a218d967c421f0bd1f	0.0	0.0	0.0	5.0
61f8f52e6c0c4171fa1e7967d0febf5b	0.0	0.0	0.0	5.0
48b92876940e467b73a053655396a8d4	0.0	0.0	0.0	5.0
60cb5363f520d007437ef4ed940bad82	0.0	0.0	0.0	5.0
73edefb64618f49481ab00897d6f5a0a	0.0	0.0	0.0	5.0
641c1c95ba1c1e188133db64e4d76efa	4.0	0.0	0.0	0.0
03e3baaa5bf49e67efbb0c9786067df0	4.0	0.0	0.0	0.0
6e236ed6661b6f149eee5fe6bc6f96bb	4.0	0.0	0.0	0.0
5ee181e7af48fbffd85476b1eefd0472	4.0	0.0	0.0	0.0
c7535fa9a8bf3d56365ed4371896fc95	4.0	0.0	0.0	0.0
e082726333711f2ea424a3232ed337e8	4.0	0.0	0.0	0.0
302aceb4ce82bb6c8892ac4034bef73d	0.0	4.0	0.0	0.0
dab4553d98c4daa33854757a9f1f877b	0.0	4.0	0.0	0.0
703f9933b08343e39e7df8ec91b4c816	0.0	4.0	0.0	0.0
9fd96896d6b4759540f851b973324075	0.0	0.0	4.0	0.0
bf1adbd3b5a217c781a3af04011485ff	0.0	0.0	4.0	0.0
3d5baff45729bf2214074c2e9f77ad10	0.0	0.0	0.0	4.0
9730d5fdad35e699fc53e21b3740dac0	0.0	0.0	0.0	4.0
e610e6919acb2694afa07df5e405a0ad	0.0	0.0	0.0	4.0
496cdfc9a2802597d4496130511b380d	0.0	0.0	0.0	4.0
04720a038796a8d1f71bbeb08674cffc	0.0	0.0	0.0	4.0
fd6596b3e80c83f75e69e398954d0f31	0.0	0.0	0.0	4.0
1e0c75e0c253b0e15290f96a9f46eafb	0.0	0.0	0.0	4.0
2537143bdf821dd5b9d76f354f51d229	3.0	0.0	0.0	0.0
e0add5ed2a74b4e7f61a770b9cec3f6c	3.0	0.0	0.0	0.0
68d3771f099b1de6c295038c6fadf934	3.0	0.0	0.0	0.0
6ba46f2b5eac60cd35b997c34e5e1c6a	0.0	3.0	0.0	0.0
af62728cdc8b3e916fabf7809066bf28	0.0	3.0	0.0	0.0
02a021a4a33ccd51f4b020422088397b	0.0	3.0	0.0	0.0
a8cd1140bfbc643b601c26d1f9e9c6e8	0.0	3.0	0.0	0.0
40d53554337806f59b13c788b44e192c	0.0	0.0	3.0	0.0
52f1526740a12c04581374b44903588e	0.0	0.0	3.0	0.0
93e3ca341ebc6b79571ca8fea5abf671	0.0	0.0	3.0	0.0
e1b35cbbbeb3c7be08124af8a6eb6fb5	0.0	0.0	0.0	3.0
8091dbdd5a2c2e3b93f49fa03eb13433	0.0	0.0	0.0	3.0
de3d0e440533123bef372ef43c19f3aa	0.0	0.0	0.0	3.0
7238274e33c8a584540f95dde02651d2	0.0	0.0	0.0	3.0
e672450b694a37aebf8bfb51d9ba7479	0.0	0.0	0.0	3.0
37db27274d1534b5ff701cfe737c1803	0.0	0.0	0.0	3.0
a67f147e2222f98cd19b98a2621140b9	0.0	0.0	0.0	3.0
28beea9493fdabe7178fbc71cdca3e4b	2.0	0.0	0.0	0.0
54f4a40fa02902a5eacd062de6b947d2	2.0	0.0	0.0	0.0
09d55484e1d428c941b919d26b459b97	2.0	0.0	0.0	0.0
cbae5fbff04aa3d05758c248433ada1b	2.0	0.0	0.0	0.0
33971a5f31da661c208d2ee9aa9e5769	2.0	0.0	0.0	0.0
29c0b831ad8278ee5185bfe79acc067e	0.0	2.0	0.0	0.0
ee60be1acc7fc9780b71f44996eb40ba	0.0	2.0	0.0	0.0
a2e2234d0c2e68f66d2146e031782589	0.0	0.0	2.0	0.0
a7412be3cd6d4bf4120e11ac47f56903	0.0	0.0	2.0	0.0
172258ace2bffca544329d3c7e44256c	0.0	0.0	2.0	0.0
3d3ceb7e5f66d1e27c1cf3ede761865f	0.0	0.0	2.0	0.0
fb20fe02d03657ad173a8eca8ce61c74	0.0	0.0	0.0	2.0
d22530b35fc6429268807301afff82ab	0.0	0.0	0.0	2.0
4a52428d397d1b8bd0ffcbeffd5a9097	0.0	0.0	0.0	2.0
ee4c824fccdf97ab3de5e8b086630483	0.0	0.0	0.0	2.0
310b09715d621fd92c58831d1aefbf40	0.0	0.0	0.0	2.0
ad40346ae4334462a8fa793bede3a4c6	0.0	0.0	0.0	2.0
30d44b6feb9e923b418819fbbed26a27	0.0	0.0	0.0	2.0